eval_loss = 3.371481680870056
matches = 0
wer = 183.81097009999996
