eval_loss = 2.1835196569561957
matches = 42
wer = 61.305704
