eval_loss = 3.8644265952110293
matches = 9
wer = 93.83297535
