eval_loss = 3.4781388177871704
matches = 0
wer = 383.68820880000004
