eval_loss = 1.9195014719963073
matches = 0
wer = 319.72070010000004
