eval_loss = 4.048809177398682
matches = 0
wer = 282.58327555
